1	1587	258	2224	237	2227	336	1590	357	Acknowled
2	2233	236	2650	222	2653	321	2236	335	Preface
3	208	746	251	745	252	796	209	797	In
4	284	745	386	744	387	795	285	796	their
5	417	744	575	742	576	792	418	794	preface
6	606	741	649	740	650	791	607	792	to
7	681	740	751	739	752	790	682	791	the
8	780	739	865	738	866	789	781	790	first
9	898	738	1049	736	1050	786	899	788	edition
10	1082	735	1132	734	1133	785	1083	786	of
11	1159	734	1348	732	1349	783	1160	785	Genetics
12	1377	732	1422	731	1423	781	1378	782	in
13	208	802	406	801	406	853	208	854	Medicine
14	405	802	417	802	417	853	405	853	,
15	447	801	657	800	657	852	447	853	published
16	683	800	820	799	820	851	683	852	nearly
17	847	800	898	800	898	851	847	851	50
18	924	799	1036	799	1036	851	924	851	years
19	1064	799	1141	799	1141	850	1064	850	ago
20	1144	799	1157	799	1157	850	1144	850	,
21	1178	798	1310	797	1310	849	1178	850	James
22	1338	798	1422	798	1422	849	1338	849	and
23	206	866	411	866	411	912	206	912	Margaret
24	429	866	665	866	665	912	429	912	Thompson
25	681	866	809	866	809	912	681	912	wrote
26	807	866	821	866	821	912	807	912	:
27	268	985	452	984	452	1031	268	1032	Genetics
28	471	984	504	984	504	1030	471	1030	is
29	519	983	797	981	797	1028	519	1030	fundamental
30	812	981	856	981	856	1027	812	1027	to
31	874	980	942	979	942	1026	874	1027	the
32	960	980	1068	979	1068	1025	960	1026	basic
33	1084	979	1256	978	1256	1024	1084	1025	sciences
34	1274	977	1327	977	1327	1024	1274	1024	of
35	263	1043	490	1043	490	1092	263	1092	preclinical
36	506	1043	677	1043	677	1092	506	1092	medical
37	693	1043	905	1043	905	1092	693	1092	education
38	923	1043	1005	1043	1005	1092	923	1092	and
39	1023	1043	1094	1043	1094	1092	1023	1092	has
40	1112	1043	1335	1043	1335	1092	1112	1092	important
41	262	1106	526	1104	526	1157	262	1159	applications
42	544	1104	587	1104	587	1156	544	1156	to
43	607	1103	762	1102	762	1155	607	1156	clinical
44	776	1101	972	1099	972	1152	776	1154	medicine
45	969	1100	981	1100	981	1152	969	1152	,
46	1001	1099	1138	1098	1138	1151	1001	1152	public
47	1156	1098	1291	1097	1291	1149	1156	1150	health
48	1307	1096	1390	1095	1390	1148	1307	1149	and
49	263	1166	434	1166	434	1203	263	1203	medical
50	447	1166	629	1166	629	1203	447	1203	research
51	627	1166	641	1166	641	1203	627	1203	.
52	729	1164	821	1164	821	1202	729	1202	This
53	841	1164	952	1164	952	1202	841	1202	book
54	971	1164	1042	1164	1042	1202	971	1202	has
55	1062	1164	1162	1164	1162	1202	1062	1202	been
56	1178	1164	1336	1164	1336	1202	1178	1202	written
57	1354	1164	1397	1164	1397	1202	1354	1202	to
58	262	1219	470	1220	470	1272	262	1271	introduce
59	486	1220	555	1220	555	1271	486	1271	the
60	570	1220	742	1221	742	1273	570	1272	medical
61	758	1221	920	1222	920	1274	758	1273	student
62	935	1222	980	1222	980	1273	935	1273	to
63	998	1222	1065	1222	1065	1273	998	1273	the
64	1081	1222	1292	1223	1292	1275	1081	1274	principles
65	1311	1223	1366	1223	1366	1274	1311	1274	of
66	259	1288	428	1287	428	1339	259	1340	genetics
67	447	1287	491	1287	491	1338	447	1338	as
68	509	1286	601	1285	601	1337	509	1338	they
69	619	1285	742	1284	742	1336	619	1337	apply
70	758	1284	802	1284	802	1335	758	1335	to
71	820	1283	1017	1281	1017	1333	820	1335	medicine
72	1013	1282	1025	1282	1025	1333	1013	1333	,
73	1046	1282	1130	1281	1130	1332	1046	1333	and
74	1146	1281	1189	1281	1189	1332	1146	1332	to
75	1206	1280	1295	1279	1295	1331	1206	1332	give
76	1313	1279	1395	1278	1395	1330	1313	1331	him
77	259	1346	279	1346	279	1394	259	1394	(
78	277	1346	347	1346	347	1394	277	1394	her
79	347	1346	362	1346	362	1394	347	1394	)
80	379	1346	403	1346	403	1394	379	1394	a
81	423	1346	687	1346	687	1394	423	1394	background
82	699	1346	768	1346	768	1394	699	1394	for
83	785	1346	846	1346	846	1394	785	1394	his
84	864	1346	960	1346	960	1394	864	1394	own
85	975	1346	1143	1346	1143	1394	975	1394	reading
86	1159	1346	1212	1346	1212	1394	1159	1394	of
87	1218	1346	1290	1346	1290	1394	1218	1394	the
88	256	1406	459	1406	459	1458	256	1458	extensive
89	474	1406	556	1406	556	1458	474	1458	and
90	574	1406	731	1406	731	1458	574	1458	rapidly
91	745	1406	929	1406	929	1458	745	1458	growing
92	945	1406	1146	1406	1146	1458	945	1458	literature
93	1163	1406	1205	1406	1205	1458	1163	1458	in
94	1222	1406	1291	1406	1291	1458	1222	1458	the
95	1304	1406	1404	1406	1404	1458	1304	1458	field
96	1400	1406	1412	1406	1412	1458	1400	1458	.
97	257	1468	301	1468	301	1517	257	1517	If
98	311	1468	371	1468	371	1517	311	1517	his
99	390	1468	409	1468	409	1517	390	1517	(
100	407	1468	478	1468	478	1517	407	1517	her
101	478	1468	494	1468	494	1517	478	1517	)
102	512	1468	648	1468	648	1517	512	1517	senior
103	663	1468	884	1468	884	1517	663	1517	colleagues
104	901	1468	988	1468	988	1517	901	1517	also
105	1004	1468	1092	1468	1092	1517	1004	1517	find
106	1109	1468	1141	1468	1141	1517	1109	1517	it
107	1155	1468	1288	1468	1288	1517	1155	1517	useful
108	1286	1468	1299	1468	1299	1517	1286	1517	,
109	1319	1468	1385	1468	1385	1517	1319	1517	we
110	255	1524	359	1525	359	1574	255	1573	shall
111	374	1525	425	1525	425	1574	374	1574	be
112	442	1526	595	1527	595	1575	442	1574	doubly
113	611	1527	789	1528	789	1577	611	1576	satisfied
114	785	1529	797	1529	797	1577	785	1577	.
115	191	1653	313	1653	313	1691	191	1691	What
116	326	1653	413	1653	413	1691	326	1691	was
117	427	1653	516	1653	516	1691	427	1691	true
118	530	1653	626	1653	626	1691	530	1691	then
119	642	1653	675	1653	675	1691	642	1691	is
120	690	1653	789	1653	789	1691	690	1691	even
121	807	1653	918	1653	918	1691	807	1691	more
122	934	1653	981	1653	981	1691	934	1691	so
123	999	1653	1096	1653	1096	1691	999	1691	now
124	1110	1653	1154	1653	1154	1691	1110	1691	as
125	1172	1653	1248	1653	1248	1691	1172	1691	our
126	1262	1653	1418	1653	1418	1691	1262	1691	knowl-
127	190	1707	289	1708	289	1756	190	1755	edge
128	311	1707	362	1707	362	1755	311	1755	of
129	376	1707	550	1708	550	1757	376	1756	genetics
130	574	1709	654	1709	654	1757	574	1757	and
131	678	1709	728	1709	728	1757	678	1757	of
132	744	1710	813	1710	813	1758	744	1758	the
133	836	1710	990	1711	990	1759	836	1758	human
134	1012	1711	1183	1712	1183	1761	1012	1760	genome
135	1205	1712	1241	1712	1241	1760	1205	1760	is
136	1261	1712	1420	1713	1420	1762	1261	1761	rapidly
137	187	1773	401	1773	401	1823	187	1823	becoming
138	414	1773	468	1773	468	1823	414	1823	an
139	481	1773	648	1773	648	1823	481	1823	integral
140	663	1773	752	1773	752	1823	663	1823	part
141	767	1773	815	1773	815	1823	767	1823	of
142	825	1773	963	1773	963	1823	825	1823	public
143	976	1773	1115	1773	1115	1823	976	1823	health
144	1127	1773	1207	1773	1207	1823	1127	1823	and
145	1222	1773	1293	1773	1293	1823	1222	1823	the
146	1302	1773	1419	1773	1419	1823	1302	1823	prac-
147	186	1835	261	1835	261	1876	186	1876	tice
148	281	1835	329	1835	329	1876	281	1876	of
149	341	1835	538	1835	538	1876	341	1876	medicine
150	540	1835	550	1835	550	1876	540	1876	.
151	570	1835	663	1835	663	1876	570	1876	This
152	680	1835	772	1835	772	1876	680	1876	new
153	788	1835	942	1835	942	1876	788	1876	edition
154	959	1835	1008	1835	1008	1876	959	1876	of
155	1023	1835	1211	1835	1211	1876	1023	1876	Genetics
156	1227	1835	1272	1835	1272	1876	1227	1876	in
157	1287	1835	1417	1835	1417	1876	1287	1876	Medi-
158	186	1896	275	1896	275	1949	186	1949	cine
159	271	1896	283	1896	283	1949	271	1949	,
160	301	1896	371	1896	371	1949	301	1949	the
161	385	1896	521	1896	521	1949	385	1949	eighth
162	522	1896	534	1896	534	1949	522	1949	,
163	552	1896	665	1896	665	1949	552	1949	seeks
164	679	1896	725	1896	725	1949	679	1949	to
165	739	1896	858	1896	858	1949	739	1949	fulfill
166	871	1896	940	1896	940	1949	871	1949	the
167	955	1896	1069	1896	1069	1949	955	1949	goals
168	1086	1896	1135	1896	1135	1949	1086	1949	of
169	1145	1896	1214	1896	1214	1949	1145	1949	the
170	1229	1896	1418	1896	1418	1949	1229	1949	previous
171	184	1958	302	1958	302	2008	184	2008	seven
172	318	1958	373	1958	373	2008	318	2008	by
173	384	1958	602	1958	602	2008	384	2008	providing
174	614	1958	667	1958	667	2008	614	2008	an
175	682	1958	868	1958	868	2008	682	2008	accurate
176	881	1958	1114	1958	1114	2008	881	2008	exposition
177	1130	1958	1178	1958	1178	2008	1130	2008	of
178	1188	1958	1256	1958	1256	2008	1188	2008	the
179	1272	1958	1416	1958	1416	2008	1272	2008	funda-
180	182	2018	334	2018	334	2068	182	2068	mental
181	355	2018	566	2018	566	2068	355	2068	principles
182	592	2018	641	2018	641	2068	592	2068	of
183	660	2018	812	2018	812	2068	660	2068	human
184	838	2018	917	2018	917	2068	838	2068	and
185	943	2018	1115	2018	1115	2068	943	2068	medical
186	1136	2018	1313	2018	1313	2068	1136	2068	genetics
187	1335	2018	1417	2018	1417	2068	1335	2068	and
188	181	2081	384	2080	384	2132	181	2133	genomics
189	386	2081	397	2081	397	2132	386	2132	.
190	411	2080	537	2080	537	2132	411	2132	Using
191	549	2080	783	2079	783	2131	549	2132	illustrative
192	795	2079	998	2078	998	2130	795	2131	examples
193	1015	2078	1157	2077	1157	2128	1015	2129	drawn
194	1170	2077	1277	2077	1277	2129	1170	2129	from
195	1288	2077	1414	2077	1414	2128	1288	2128	medi-
196	178	2143	268	2143	268	2193	178	2193	cine
197	267	2143	281	2143	281	2193	267	2193	,
198	302	2143	367	2143	367	2193	302	2193	we
199	387	2143	580	2143	580	2193	387	2193	continue
200	599	2143	646	2143	646	2193	599	2193	to
201	668	2143	897	2143	897	2193	668	2193	emphasize
202	917	2143	987	2143	987	2193	917	2193	the
203	1009	2143	1128	2143	1128	2193	1009	2193	genes
204	1151	2143	1233	2143	1233	2193	1151	2193	and
205	1256	2143	1414	2143	1414	2193	1256	2193	mecha-
206	178	2204	300	2204	300	2254	178	2254	nisms
207	321	2204	534	2204	534	2254	321	2254	operating
208	550	2204	592	2204	592	2254	550	2254	in
209	610	2204	763	2204	763	2254	610	2254	human
210	782	2204	956	2204	956	2254	782	2254	diseases
211	958	2204	969	2204	969	2254	958	2254	.
212	238	2267	369	2267	369	2317	238	2317	Much
213	384	2267	458	2267	458	2317	384	2317	has
214	474	2267	659	2267	659	2317	474	2317	changed
215	658	2267	670	2267	670	2317	658	2317	,
216	686	2267	875	2267	875	2317	686	2317	however
217	871	2267	884	2267	884	2317	871	2317	,
218	901	2267	1008	2267	1008	2317	901	2317	since
219	1022	2267	1091	2267	1091	2317	1022	2317	the
220	1109	2267	1184	2267	1184	2317	1109	2317	last
221	1199	2267	1357	2267	1357	2317	1199	2317	edition
222	1371	2267	1421	2267	1421	2317	1371	2317	of
223	175	2326	253	2327	253	2379	175	2378	this
224	277	2326	390	2327	390	2380	277	2379	book
225	391	2327	406	2327	406	2379	391	2379	.
226	426	2327	512	2328	512	2381	426	2380	The
227	534	2327	651	2328	651	2381	534	2380	rapid
228	671	2328	772	2329	772	2382	671	2381	pace
229	795	2330	844	2330	844	2382	795	2382	of
230	863	2330	1047	2331	1047	2383	863	2382	progress
231	1070	2331	1287	2332	1287	2385	1070	2384	stemming
232	1303	2333	1413	2334	1413	2386	1303	2385	from
233	174	2390	241	2390	241	2440	174	2440	the
234	261	2389	426	2390	426	2441	261	2440	Human
235	448	2390	634	2391	634	2442	448	2441	Genome
236	651	2391	806	2392	806	2443	651	2442	Project
237	826	2391	1013	2392	1013	2443	826	2442	provides
238	1033	2393	1080	2393	1080	2443	1033	2443	us
239	1100	2393	1202	2393	1202	2443	1100	2443	with
240	1220	2393	1245	2393	1245	2443	1220	2443	a
241	1262	2394	1416	2395	1416	2445	1262	2444	refined
242	172	2454	383	2453	383	2499	172	2500	catalogue
243	407	2453	455	2453	455	2498	407	2498	of
244	474	2452	533	2452	533	2498	474	2498	all
245	551	2452	706	2451	706	2497	551	2498	human
246	731	2469	852	2471	851	2504	730	2502	genes
247	852	2472	866	2472	865	2504	851	2504	,
248	891	2456	995	2457	995	2494	891	2493	their
249	1016	2468	1214	2462	1215	2502	1017	2508	sequence
250	1213	2462	1226	2462	1227	2501	1214	2501	,
251	1252	2461	1337	2458	1338	2497	1253	2500	and
252	1358	2458	1412	2456	1413	2495	1359	2497	an
253	172	2515	374	2515	374	2568	172	2568	extensive
254	372	2515	386	2515	386	2568	372	2568	,
255	407	2515	489	2515	489	2568	407	2568	and
256	509	2515	594	2515	594	2568	509	2568	still
257	609	2515	797	2515	797	2568	609	2568	growing
258	794	2515	808	2515	808	2568	794	2568	,
259	829	2515	1024	2515	1024	2568	829	2568	database
260	1046	2515	1094	2515	1094	2568	1046	2568	of
261	1109	2515	1265	2515	1265	2568	1109	2568	human
262	1284	2515	1415	2515	1415	2568	1284	2568	varia-
263	170	2576	258	2577	258	2628	170	2627	tion
264	282	2576	443	2577	443	2629	282	2628	around
265	464	2578	536	2579	536	2630	464	2629	the
266	558	2578	679	2579	679	2631	558	2630	globe
267	703	2579	785	2580	785	2632	703	2631	and
268	810	2580	861	2580	861	2632	810	2632	its
269	886	2580	1151	2582	1151	2634	886	2632	relationship
270	1173	2583	1220	2583	1220	2634	1173	2634	to
271	1244	2583	1403	2584	1403	2636	1244	2635	disease
272	1400	2585	1413	2585	1413	2636	1400	2636	.
273	170	2640	366	2641	366	2682	170	2681	Genomic
274	397	2641	667	2642	667	2683	397	2682	information
275	694	2643	767	2643	767	2683	694	2683	has
276	797	2643	1029	2644	1029	2685	797	2684	stimulated
277	1059	2645	1129	2645	1129	2685	1059	2685	the
278	1157	2645	1341	2646	1341	2687	1157	2686	creation
279	1367	2647	1421	2647	1421	2687	1367	2687	of
280	167	2701	367	2702	367	2755	167	2754	powerful
281	387	2703	477	2704	477	2756	387	2755	new
282	502	2703	611	2704	611	2757	502	2756	tools
283	632	2705	722	2706	722	2758	632	2757	that
284	745	2705	813	2705	813	2758	745	2758	are
285	835	2706	1036	2707	1036	2759	835	2758	changing
286	1059	2707	1214	2708	1214	2761	1059	2760	human
287	1236	2708	1413	2709	1413	2762	1236	2761	genetics
288	168	2760	351	2762	350	2816	167	2814	research
289	364	2763	448	2764	447	2817	363	2816	and
290	462	2764	634	2766	633	2820	461	2818	medical
291	649	2766	825	2768	824	2822	648	2820	genetics
292	843	2769	1019	2771	1018	2825	842	2823	practice
293	1020	2772	1032	2772	1031	2825	1019	2825	.
294	1049	2772	1323	2776	1322	2830	1048	2826	Throughout
295	1321	2776	1335	2776	1334	2829	1320	2829	,
296	1348	2776	1416	2777	1415	2830	1347	2829	we
297	166	2827	269	2828	268	2881	165	2880	have
298	293	2828	514	2830	513	2883	292	2881	continued
299	542	2831	588	2831	587	2883	541	2883	to
300	613	2831	780	2833	779	2886	612	2884	expand
301	806	2834	877	2835	876	2887	805	2886	the
302	903	2834	1028	2835	1027	2888	902	2887	scope
303	1055	2836	1105	2836	1104	2889	1054	2889	of
304	1125	2837	1196	2838	1195	2890	1124	2889	the
305	1222	2837	1344	2838	1343	2891	1221	2890	book
306	1365	2839	1417	2840	1416	2892	1364	2891	to
307	164	2894	423	2895	423	2947	164	2946	incorporate
308	445	2896	519	2896	519	2947	445	2947	the
309	545	2896	739	2897	739	2949	545	2948	concepts
310	769	2897	819	2897	819	2948	769	2948	of
311	841	2897	1123	2898	1123	2950	841	2949	personalized
312	1153	2899	1292	2900	1292	2951	1153	2950	health
313	1318	2900	1415	2900	1415	2951	1318	2951	care
314	1513	733	1595	731	1596	782	1514	784	and
315	1618	730	1820	725	1821	775	1619	781	precision
316	1844	724	2043	719	2044	770	1845	775	medicine
317	2068	718	2158	716	2159	767	2069	769	into
318	2186	715	2379	710	2380	761	2187	766	Genetics
319	2405	709	2449	708	2450	758	2406	759	in
320	2475	707	2686	701	2687	752	2476	758	Medicine
321	2711	701	2767	699	2768	749	2712	751	by
322	1513	795	1727	789	1728	840	1514	846	providing
323	1738	789	1853	786	1854	837	1739	840	more
324	1862	786	2071	780	2072	830	1863	836	examples
325	2085	780	2137	779	2138	829	2086	830	of
326	2143	779	2244	776	2245	826	2144	829	how
327	2255	775	2465	769	2466	820	2256	826	genomics
328	2480	769	2512	768	2513	818	2481	819	is
329	2529	768	2652	765	2653	816	2530	819	being
330	2664	764	2769	761	2770	812	2665	815	used
331	1513	855	1557	854	1558	903	1514	904	to
332	1577	854	1746	850	1747	898	1578	902	identify
333	1761	849	1832	847	1833	896	1762	898	the
334	1850	847	2148	840	2149	889	1851	896	contributions
335	2167	839	2291	836	2292	885	2168	888	made
336	2311	836	2367	835	2368	884	2312	885	by
337	2383	834	2543	830	2544	879	2384	883	genetic
338	2561	830	2771	825	2772	874	2562	879	variation
339	1514	913	1556	912	1557	963	1515	964	to
340	1575	912	1729	909	1730	960	1576	963	disease
341	1747	909	2040	903	2041	953	1748	959	susceptibility
342	2055	903	2139	901	2140	952	2056	954	and
343	2156	901	2377	897	2378	948	2157	952	treatment
344	2394	896	2614	892	2615	943	2395	947	outcomes
345	2613	893	2625	893	2626	943	2614	943	.
346	1574	968	1663	967	1664	1018	1575	1019	The
347	1683	966	1800	964	1801	1015	1684	1017	book
348	1821	964	1859	963	1860	1014	1822	1015	is
349	1880	963	1958	962	1959	1013	1881	1014	not
350	1981	962	2175	959	2176	1009	1982	1012	intended
351	2198	958	2246	957	2247	1007	2199	1008	to
352	2273	957	2325	956	2326	1006	2274	1007	be
353	2350	956	2375	956	2376	1006	2351	1006	a
354	2399	955	2699	950	2700	1001	2400	1006	compendium
355	2724	949	2776	948	2777	999	2725	1000	of
356	1512	1036	1665	1033	1666	1083	1513	1086	genetic
357	1691	1033	1865	1029	1866	1078	1692	1082	diseases
358	1893	1029	1972	1027	1973	1076	1894	1078	nor
359	1998	1026	2032	1025	2033	1075	1999	1076	is
360	2058	1025	2092	1024	2093	1073	2059	1074	it
361	2119	1024	2172	1023	2173	1072	2120	1073	an
362	2200	1022	2492	1016	2493	1066	2201	1072	encyclopedic
363	2519	1016	2687	1013	2688	1062	2520	1065	treatise
364	2712	1012	2773	1011	2774	1060	2713	1061	on
365	1512	1093	1664	1090	1665	1142	1513	1145	human
366	1690	1090	1865	1087	1866	1139	1691	1142	genetics
367	1890	1087	1975	1086	1976	1137	1891	1138	and
368	1998	1085	2207	1081	2208	1133	1999	1137	genomics
369	2234	1081	2278	1080	2279	1131	2235	1132	in
370	2304	1080	2470	1077	2471	1128	2305	1131	general
371	2471	1077	2485	1077	2486	1128	2472	1128	.
372	2510	1076	2667	1073	2668	1125	2511	1128	Rather
373	2662	1074	2677	1074	2678	1125	2663	1125	,
374	2700	1073	2772	1072	2773	1123	2701	1124	the
375	1512	1157	1679	1154	1680	1203	1513	1206	authors
376	1710	1153	1817	1151	1818	1200	1711	1202	hope
377	1846	1151	1935	1149	1936	1198	1847	1200	that
378	1964	1149	2034	1148	2035	1197	1965	1198	the
379	2064	1147	2207	1144	2208	1193	2065	1196	eighth
380	2233	1144	2394	1141	2395	1190	2234	1193	edition
381	2424	1141	2476	1140	2477	1189	2425	1190	of
382	2504	1139	2698	1136	2699	1185	2505	1188	Genetics
383	2729	1135	2774	1134	2775	1183	2730	1184	in
384	1511	1218	1711	1215	1712	1266	1512	1269	Medicine
385	1736	1214	1822	1213	1823	1264	1737	1265	will
386	1843	1212	2014	1209	2015	1260	1844	1263	provide
387	2038	1209	2224	1206	2225	1257	2039	1260	students
388	2249	1205	2355	1203	2356	1254	2250	1256	with
389	2378	1204	2402	1204	2403	1254	2379	1254	a
390	2425	1202	2685	1198	2686	1248	2426	1253	framework
391	2705	1198	2777	1197	2778	1247	2706	1248	for
392	1514	1273	1829	1270	1829	1322	1514	1325	understanding
393	1845	1270	1915	1269	1915	1320	1845	1321	the
394	1930	1269	2028	1268	2028	1320	1930	1321	field
395	2045	1268	2095	1268	2095	1320	2045	1320	of
396	2109	1268	2286	1266	2286	1317	2109	1319	medical
397	2302	1266	2482	1264	2482	1316	2302	1318	genetics
398	2501	1264	2586	1263	2586	1315	2501	1316	and
399	2604	1263	2776	1261	2776	1313	2604	1315	genom-
400	1513	1341	1565	1340	1566	1390	1514	1391	ics
401	1590	1340	1711	1338	1712	1388	1591	1390	while
402	1733	1338	1869	1336	1870	1385	1734	1387	giving
403	1890	1335	2005	1333	2006	1383	1891	1385	them
404	2028	1333	2051	1333	2052	1382	2029	1382	a
405	2077	1332	2187	1330	2188	1380	2078	1382	basis
406	2212	1330	2270	1329	2271	1378	2213	1379	on
407	2293	1329	2434	1327	2435	1376	2294	1378	which
408	2456	1326	2503	1325	2504	1374	2457	1375	to
409	2527	1325	2731	1322	2732	1372	2528	1375	establish
410	2752	1322	2779	1322	2780	1371	2753	1371	a
411	1510	1409	1701	1405	1702	1453	1511	1457	program
412	1736	1405	1787	1404	1788	1451	1737	1452	of
413	1812	1403	2058	1398	2059	1445	1813	1450	continuing
414	2087	1397	2312	1392	2313	1440	2088	1445	education
415	2345	1391	2389	1390	2390	1437	2346	1438	in
416	2422	1389	2507	1387	2508	1435	2423	1437	this
417	2542	1387	2640	1385	2641	1433	2543	1435	area
418	2640	1385	2659	1385	2660	1432	2641	1432	.
419	2688	1384	2779	1382	2780	1429	2689	1431	The
420	1513	1462	1682	1460	1682	1502	1513	1504	Clinical
421	1704	1460	1828	1459	1828	1501	1704	1502	Cases
422	1828	1459	1873	1459	1873	1499	1828	1500	-
423	1880	1458	1968	1457	1968	1499	1880	1500	first
424	1990	1457	2235	1454	2235	1496	1990	1499	introduced
425	2256	1454	2300	1454	2300	1495	2256	1495	in
426	2322	1453	2392	1452	2392	1494	2322	1495	the
427	2415	1452	2531	1451	2531	1493	2415	1494	sixth
428	2549	1451	2710	1449	2710	1490	2549	1492	edition
429	2730	1449	2779	1448	2779	1489	2730	1490	to
430	1511	1523	1787	1520	1787	1573	1511	1576	demonstrate
431	1805	1520	1888	1519	1888	1572	1805	1573	and
432	1907	1519	2107	1517	2107	1570	1907	1572	reinforce
433	2126	1517	2290	1516	2290	1569	2126	1570	general
434	2310	1516	2531	1514	2531	1567	2310	1569	principles
435	2553	1514	2605	1514	2605	1566	2553	1566	of
436	2618	1513	2782	1512	2782	1565	2618	1566	disease
437	1512	1584	1756	1583	1756	1635	1512	1636	inheritance
438	1757	1583	1770	1583	1770	1634	1757	1634	,
439	1791	1582	2078	1580	2078	1632	1791	1634	pathogenesis
440	2081	1581	2092	1581	2092	1632	2081	1632	,
441	2115	1581	2326	1580	2326	1631	2115	1632	diagnosis
442	2329	1580	2342	1580	2342	1631	2329	1631	,
443	2363	1579	2665	1577	2665	1629	2363	1631	management
444	2659	1578	2674	1578	2674	1629	2659	1629	,
445	2694	1577	2783	1576	2783	1628	2694	1629	and
446	1511	1650	1746	1647	1747	1700	1512	1703	counseling
447	1746	1648	1788	1647	1789	1699	1747	1700	-
448	1797	1647	1993	1645	1994	1697	1798	1699	continue
449	2024	1644	2072	1643	2073	1695	2025	1696	to
450	2103	1643	2157	1642	2158	1694	2104	1695	be
451	2186	1642	2243	1641	2244	1693	2187	1694	an
452	2275	1641	2508	1638	2509	1691	2276	1694	important
453	2539	1637	2705	1635	2706	1688	2540	1690	feature
454	2734	1635	2788	1634	2789	1687	2735	1688	of
455	1511	1706	1580	1706	1580	1761	1511	1761	the
456	1603	1706	1720	1705	1720	1759	1603	1760	book
457	1719	1705	1734	1705	1734	1759	1719	1759	.
458	1756	1705	1831	1705	1831	1759	1756	1759	We
459	1851	1704	1957	1703	1957	1758	1851	1759	have
460	1980	1704	2201	1703	2201	1757	1980	1758	expanded
461	2224	1703	2296	1703	2296	1757	2224	1757	the
462	2321	1702	2384	1702	2384	1756	2321	1756	set
463	2410	1702	2462	1702	2462	1756	2410	1756	of
464	2480	1701	2597	1700	2597	1755	2480	1756	cases
465	2623	1701	2675	1701	2675	1755	2623	1755	to
466	2697	1700	2787	1700	2787	1754	2697	1754	add
467	1512	1775	1626	1774	1626	1824	1512	1825	more
468	1647	1774	1845	1772	1845	1821	1647	1823	common
469	1869	1772	2062	1770	2062	1820	1869	1822	complex
470	2087	1770	2295	1768	2295	1818	2087	1820	disorders
471	2320	1768	2369	1768	2369	1817	2320	1817	to
472	2392	1767	2466	1766	2466	1816	2392	1817	the
473	2491	1767	2558	1766	2558	1815	2491	1816	set
474	2581	1766	2632	1766	2632	1815	2581	1815	of
475	2653	1765	2771	1764	2771	1814	2653	1815	cases
476	2772	1764	2785	1764	2785	1813	2772	1813	.
477	1511	1835	1568	1835	1568	1887	1511	1887	To
478	1592	1835	1772	1834	1772	1885	1592	1886	enhance
479	1797	1833	1954	1832	1954	1884	1797	1885	further
480	1976	1832	2048	1832	2048	1883	1976	1883	the
481	2071	1831	2265	1830	2265	1882	2071	1883	teaching
482	2288	1830	2410	1829	2410	1881	2288	1882	value
483	2436	1829	2488	1829	2488	1881	2436	1881	of
484	2506	1829	2585	1828	2585	1879	2506	1880	the
485	2605	1828	2789	1827	2789	1879	2605	1880	Clinical
486	1511	1899	1635	1898	1635	1949	1511	1950	Cases
487	1635	1899	1648	1899	1648	1949	1635	1949	,
488	1675	1898	1741	1898	1741	1949	1675	1949	we
489	1766	1898	1962	1897	1962	1947	1766	1948	continue
490	1988	1897	2035	1897	2035	1947	1988	1947	to
491	2062	1896	2236	1895	2236	1946	2062	1947	provide
492	2265	1895	2290	1895	2290	1945	2265	1945	a
493	2317	1894	2412	1893	2412	1944	2317	1945	case
494	2440	1894	2622	1893	2622	1944	2440	1945	number
495	2648	1893	2666	1893	2666	1943	2648	1943	(
496	2668	1892	2786	1891	2786	1942	2668	1943	high-
497	1509	1957	1659	1956	1659	2012	1509	2013	lighted
498	1681	1956	1723	1956	1723	2011	1681	2011	in
499	1754	1955	1876	1954	1876	2010	1754	2011	green
500	1880	1955	1894	1955	1894	2010	1880	2010	)
501	1915	1954	2173	1952	2173	2008	1915	2010	throughout
502	2194	1952	2265	1951	2265	2007	2194	2008	the
503	2286	1952	2378	1951	2378	2006	2286	2007	text
504	2396	1951	2443	1951	2443	2006	2396	2006	to
505	2465	1950	2599	1949	2599	2005	2465	2006	direct
506	2619	1949	2787	1948	2787	2004	2619	2005	readers
507	1510	2022	1553	2022	1553	2066	1510	2066	to
508	1574	2022	1644	2022	1644	2065	1574	2065	the
509	1665	2021	1758	2020	1758	2064	1665	2065	case
510	1780	2021	1824	2021	1824	2064	1780	2064	in
511	1843	2020	1913	2020	1913	2064	1843	2064	the
512	1937	2020	2114	2019	2114	2063	1937	2064	Clinical
513	2137	2019	2243	2018	2243	2061	2137	2062	Case
514	2265	2018	2428	2017	2428	2061	2265	2062	Studies
515	2451	2017	2615	2016	2615	2060	2451	2061	section
516	2637	2016	2733	2015	2733	2058	2637	2059	that
517	2753	2016	2790	2016	2790	2059	2753	2059	is
518	1511	2083	1689	2083	1689	2134	1511	2134	relevant
519	1703	2083	1751	2083	1751	2134	1703	2134	to
520	1764	2083	1836	2083	1836	2134	1764	2134	the
521	1851	2083	2046	2083	2046	2134	1851	2134	concepts
522	2064	2083	2188	2083	2188	2134	2064	2134	being
523	2205	2083	2418	2083	2418	2134	2205	2134	discussed
524	2436	2083	2481	2083	2481	2134	2436	2134	at
525	2494	2083	2589	2083	2589	2134	2494	2134	that
526	2605	2083	2734	2083	2734	2134	2605	2134	point
527	2747	2083	2793	2083	2793	2134	2747	2134	in
528	1509	2145	1580	2149	1578	2185	1507	2181	the
529	1596	2149	1685	2153	1683	2189	1594	2185	text
530	1685	2153	1697	2154	1695	2190	1683	2189	.
531	1570	2208	1665	2208	1665	2260	1570	2260	Any
532	1679	2208	1855	2208	1855	2260	1679	2260	medical
533	1870	2208	1918	2208	1918	2260	1870	2260	or
534	1934	2208	2093	2208	2093	2260	1934	2260	genetic
535	2109	2208	2354	2208	2354	2260	2109	2260	counseling
536	2367	2208	2542	2208	2542	2260	2367	2260	student
537	2540	2208	2555	2208	2555	2260	2540	2260	,
538	2571	2208	2795	2208	2795	2260	2571	2260	advanced
539	1511	2267	1838	2271	1837	2321	1510	2317	undergraduate
540	1837	2271	1851	2271	1850	2320	1836	2320	,
541	1871	2271	2071	2273	2070	2323	1870	2321	graduate
542	2093	2274	2260	2276	2259	2325	2092	2323	student
543	2280	2276	2325	2276	2324	2325	2279	2325	in
544	2343	2276	2525	2278	2524	2328	2342	2326	genetics
545	2548	2279	2600	2280	2599	2329	2547	2328	or
546	2616	2279	2795	2281	2794	2331	2615	2329	genom-
547	1510	2328	1566	2329	1565	2381	1509	2380	ics
548	1567	2328	1582	2328	1581	2380	1566	2380	,
549	1601	2328	1777	2330	1776	2383	1600	2381	resident
550	1795	2331	1838	2331	1837	2383	1794	2383	in
551	1856	2331	1938	2332	1937	2385	1855	2384	any
552	1956	2332	2053	2333	2052	2386	1955	2385	field
553	2074	2334	2125	2335	2124	2387	2073	2386	of
554	2137	2334	2300	2336	2299	2389	2136	2387	clinical
555	2319	2336	2528	2338	2527	2391	2318	2389	medicine
556	2530	2339	2543	2339	2542	2391	2529	2391	,
557	2562	2339	2801	2342	2800	2395	2561	2392	practicing
558	1510	2392	1720	2394	1719	2449	1509	2447	physician
559	1723	2395	1735	2395	1734	2449	1722	2449	,
560	1759	2395	1807	2396	1806	2451	1758	2450	or
561	1831	2396	1953	2397	1952	2451	1830	2450	allied
562	1975	2397	2152	2399	2151	2454	1974	2452	medical
563	2174	2399	2456	2402	2455	2457	2173	2454	professional
564	2479	2403	2524	2403	2523	2457	2478	2457	in
565	2548	2403	2727	2405	2726	2460	2547	2458	nursing
566	2747	2406	2800	2407	2799	2461	2746	2460	or
567	1510	2457	1693	2459	1692	2512	1509	2510	physical
568	1708	2459	1880	2461	1879	2514	1707	2512	therapy
569	1897	2461	2047	2463	2046	2516	1896	2514	should
570	2063	2463	2152	2464	2151	2516	2062	2515	find
571	2167	2464	2251	2465	2250	2518	2166	2517	this
572	2268	2465	2390	2466	2389	2519	2267	2518	book
573	2402	2467	2452	2468	2451	2520	2401	2519	to
574	2467	2467	2521	2468	2520	2521	2466	2520	be
575	2538	2468	2564	2468	2563	2520	2537	2520	a
576	2578	2468	2800	2470	2799	2523	2577	2521	thorough
577	1510	2519	1585	2520	1584	2573	1509	2572	but
578	1604	2521	1679	2522	1678	2574	1603	2573	not
579	1697	2522	1938	2526	1937	2579	1696	2575	exhaustive
580	1957	2526	1973	2526	1972	2578	1956	2578	(
581	1975	2527	2024	2528	2023	2580	1974	2579	or
582	2043	2527	2296	2531	2295	2584	2042	2580	exhausting
583	2296	2531	2311	2531	2310	2583	2295	2583	!
584	2313	2532	2329	2532	2328	2584	2312	2584	)
585	2349	2532	2640	2536	2639	2589	2348	2585	presentation
586	2659	2537	2714	2538	2713	2590	2658	2589	of
587	2725	2538	2802	2539	2801	2591	2724	2590	the
588	1509	2578	1817	2584	1816	2636	1508	2630	fundamentals
589	1857	2585	1906	2586	1905	2637	1856	2636	of
590	1941	2586	2100	2589	2099	2641	1940	2638	human
591	2141	2590	2321	2593	2320	2645	2140	2642	genetics
592	2364	2595	2455	2597	2454	2648	2363	2646	and
593	2492	2597	2712	2601	2711	2653	2491	2649	genomics
594	2752	2602	2802	2603	2801	2655	2751	2654	as
595	1509	2651	1674	2651	1674	2700	1509	2700	applied
596	1691	2651	1740	2651	1740	2700	1691	2700	to
597	1758	2651	1901	2651	1901	2700	1758	2700	health
598	1916	2651	2003	2651	2003	2700	1916	2700	and
599	2020	2651	2183	2651	2183	2700	2020	2700	disease
600	2182	2651	2197	2651	2197	2700	2182	2700	.
601	2171	2785	2331	2789	2330	2834	2170	2830	Robert
602	2353	2790	2403	2791	2402	2835	2352	2834	L.
603	2421	2791	2669	2797	2668	2842	2420	2836	Nussbaum
604	2673	2797	2691	2797	2690	2841	2672	2841	,
605	2708	2798	2803	2800	2802	2844	2707	2842	MD
606	2024	2844	2236	2849	2235	2900	2023	2895	Roderick
607	2255	2850	2307	2851	2306	2901	2254	2900	R.
608	2328	2851	2530	2856	2529	2906	2327	2901	McInnes
609	2530	2856	2544	2856	2543	2906	2529	2906	,
610	2566	2857	2660	2859	2659	2909	2565	2907	MD
611	2659	2859	2674	2859	2673	2909	2658	2909	,
612	2698	2859	2804	2861	2803	2912	2697	2910	PhD
613	2135	2918	2408	2920	2408	2972	2135	2970	Huntington
614	2428	2921	2470	2921	2470	2972	2428	2972	F.
615	2486	2921	2666	2923	2666	2975	2486	2973	Willard
616	2665	2923	2678	2923	2678	2974	2665	2974	,
617	2699	2923	2804	2924	2804	2976	2699	2975	PhD
618	2791	3908	2818	3908	2818	3931	2791	3931	V
